899686370142167042
1037892696696872960
599758754285023232
385752454148546560
699172789450739712
488554664833847296
659454810916265984
674156706285248513
675317165336059905
1011353728878764034
496743699460915201
699205991569629185
225405910913269761
601077581878689792
300169899811168256
230664922231607297
699207279204130817
660968384251695104
951525958493790208
600451586209492992
613241155778576384
1037898367383162881
572242329081266176
699536217478549504
490158818366881792
338928376750436352
639447053928566784
681660718794457089
662877081987121152
600755396450471940
1037902846887383041
699844511401267200
514201588093956097
682038856292548609
1037905543850061824
271910273307262976
476021505672118274
992469659432595457
1037909788464766976
995364610013200385
710744916104581120
1037909276780634112
600846530283577344
437256984752963584
436464714265026560
618673450534604800
664553029404872704
681743052990332928
265825567151124480
620854417294692352
682080275011010560
703230803736555520
1056623695010168832
701404855408037889
456061962191781888
701625052177956864
1012259618834149381
794859875104735232
230740486787325954
685839612942499840
703567224645095424
1019487650338623488
701771160753557504
450806734131433473
686742961162305536
727527752505561088
775540902496395264
811039385994936320
671530308630675456
573345384912715777
701897237362642944
497434685895892992
671938032724025344
473953399239475201
601220079188123648
639459712342212608
391094059680272385
391120790000635904
814321655359029248
394050142212354048
394156547523100672
601241893763153920
631307776317218816
814340957550350336
486467516248494082
478920214340710400
601404448179621888
672680080603226112
544315336036974592
601423691675770880
869549511542054914
601438120089821184
673039557630296064
493366361985273857
395817236071317504
692578265597259777
601438120073039872
442249271870357504
877718329653207040
547517108352188416
651171266049630209
637615908874153984
573863003965145088
674287371450515456
508638930150121472
224559273873641472
651747659896655872
396655039873155073
715742559352389633
510360025060360192
653578721052372992
1037932035061493760
396881339367968770
1037932437710331904
704212476380864512
601549852124798976
1037933490501607424
1037934107051708416
704295074796957696
890750527104966656
1037935147230916609
276179856658685952
136179999580495872
505657962795249664
559849951761809408
1037937915471560704
397999977034555392
482221353899417601
705010409166622720
1052641119438159872
398450273317703680
398665663406821376
766454303569637380
904209394329468928
705575218333425664
677592126490808325
705218434062114816
705726372648333312
602212057237323777
514527342924791808
677897232717381632
230691421827514369
650502840796905473
660249866413588480
427283357631004672
515943813882601472
524875378750271489
328988983596032000
847946077718409217
602275420600410112
654370253330210816
706080480974614528
581198036375867392
325377784312635392
577642327725887488
706260345317240832
662900595230052352
516770020463226881
516584103756722176
660115644508082176
1051861171844726785
400441884029370368
516796507497185281
548488018399461379
516780552356372480
660492083283660800
664284451338219520
678391405627244544
707576291394854912
706474414196436997
517117715677708288
706639971784925184
1037950641006469120
661737355372400640
681101693572878337
253938754409070592
401269076275650560
667626313377705985
401273362866913280
679300651034243072
1056796366087700480
401411183514632193
585074244339441666
602644657764466690
709574587881664512
668779881187028992
736799630596284416
602648239691669504
602645760845426688
1037960908667056130
711575593830100993
734979441038917632
1037963299424530433
671303270942412802
1037963886601723904
534972486161416193
230397736674013184
1037966415762870272
1037966432536018944
737092766270791681
672354040546639873
737093164763250688
485929441559060480
403386419676061696
485928703365763072
1037970832381890560
1037971969025568769
1037973449631772672
156370351423631360
685533630051926016
1052178991031832578
584738720978317313
685535962085101568
1046085762045882374
685540722628505600
487315088614113280
356522324427677696
707963614422917121
741837019047829505
487361104331681792
487360131253157889
719547006998306816
686349879359176704
406355714244751361
746554826725593088
708243630364839936
534001194390142978
394511574372585472
522795389846822914
588184551442276352
708291994854883329
686443936634765313
708299402008338432
603680025892823040
487678411822084096
172183359848587264
727872335533854720
172130729738768384
708527244981895172
728469260469608448
231975587688886272
708660393149763584
1038029313575186432
699395284699258885
728787813701804032
708659646580391937
408502421950701568
686730206275584001
888774921832116224
708950651603066880
708932364408229889
1038032648051085312
686781976557268992
487934692164120576
708950622226161664
704834764306411520
590730812724772864
897952545506705409
709395197482827777
902143003355000832
728088820319559680
711906197251559425
1038038096418365442
735426876835958784
712467185415884800
591638812431777792
736760279606796288
996253747918528515
592682451757113344
687390297446346752
593130084644458496
604137368615014400
709368764974772224
217041025909272577
887915051775967232
753201364096823297
687799170787340288
931140680583299072
709759921584099328
931542998197735424
764969742260064260
945252349278167040
687845148751978497
411837313073684480
489171370140774400
467239862035177472
532865385251364864
852503881091170304
710454712223436801
217290960307109888
596179826018385921
911595395888726017
688426873521618944
688443520718389248
412620779713335296
1038054106072604672
547570900275826689
1032717793773289472
645981783734009856
688817224841310210
644301457487994880
548166927655641090
765367387432419328
259115846729879553
645990738581397504
767698480923934721
489899421627604992
260337496498503680
711519721514872838
490168389739237378
1054707426560114688
604798336407871489
549750608795041793
711774143809622016
648934053668892672
309813611356901376
604687363508346880
604811565234298880
306026301649735681
931764906239709185
1038062431778627585
550177563768020993
605103996299280384
1038064889665937408
689730115102711808
323897522147971072
605128411355475969
689735131486109698
550713704879505409
967419334007046144
777057231439171585
234272728310484992
968800459556179969
1038065791424491520
655502300186812417
416543011774795776
491208963007213568
660977762736472068
690402357176352770
690402906621739009
660977892722126848
782427421177815044
969925069903294465
487580768407797762
785435932505681920
690500285798682624
995829011719770112
1038070862321274881
491694801851805696
690747414169415680
605892626097668096
713027255014850560
552135917868421120
417193116311879680
490153957134594048
713202811824046082
665212252354699264
897619987556425729
667297274419023872
690819195509030912
417317875888566272
492348349895290880
492154078106255360
672381915928895488
260513397244846082
1038076122012045312
492709647254425602
492997091291955201
417808131323072512
492852555580334081
492824395027869696
804269221509070848
165155635749601281
691483199931809792
511861673989521408
1054683850373124098
496298339898380288
692177915086278656
692244566804668416
264542294663888896
692199373166505984
507398066303819776
715108426745905152
442353236088213504
715088134703190017
461718413153693696
607302373636251648
497748893778464768
692458765690486785
210100690104758272
715166173915054080
715203364795985920
692621651482169344
446637684053012481
557528668722171904
192637311123587073
558108971639513089
607392551147073537
496009822081654784
499417744425504769
1038085257206083584
716536310412906496
450528374948368384
1056796638721728512
1038085995390857216
264939998564986881
264937666519367680
716630510294859777
468405840806834176
469124685796368385
656855588148805633
469370853680242688
469967891878510592
469905136681488384
829725136131653632
656893215266775040
406168509874307072
657081854072332288
704319187859218432
470230413353312256
373792748626640896
657091228367003648
704448468891377664
470700498366914560
470558550532440064
657099432425574400
796084028856102912
797138866960351234
820848709609160704
470965171540619265
986898600322940929
470972419281149952
833586064291930112
821815786092249088
377770504884846592
657162686694825984
834137590097928193
471916993327542274
833930060117766145
834801326118862854
293331955385245696
706289973889257472
472542234038898689
799665364703399936
472950083948793856
706305631221882880
657168021857914880
473071244825202688
380275150307868673
802137596516179968
836143436306780160
475262663820210176
838111206598639618
477484147577868288
619497673209450496
839064005650022400
480824243802746880
826722882688532480
482213409870852096
483630526796795904
486782672057143296
657257406666297344
387349640917438465
841527278450462720
707673364370948102
707731648448692225
840223621670944768
707776082901147648
486513137701494784
841754261616771072
840416760960540672
590265962219311104
816699439851175941
298417016287662080
619824833136689152
486262569964163072
816711548798308352
498868881994178561
408656587801112576
389326441550057472
827426926004420608
845802364753891329
842066464622444544
504682338320924672
299506734224011265
503925975306878976
827422651987685376
657439921813200896
968133997246152705
819149949409644544
510476618301972480
394631523111952384
391057296614105088
657442664900620288
901649673508802560
901746612267085824
486305158956326912
842783833204449281
408704595808878592
842982961993662465
391185222860951552
849465313339072512
511815574377074688
850215040984555522
657446112610119680
486378689270382592
843067858905190400
512868298543726592
513314018832814081
711005881538842624
620049211623518208
514043924218802176
514061611594575873
620057122072428545
514317355061497856
856242692061368321
844398950639644674
514409155809906688
822688318760620032
948711546959560704
486670008853229569
713146264209076224
844808235026558977
907265133520592899
863425831921647617
519081245574041600
519050270609637376
657495722854621184
909365053786378240
520579568374013952
866142306474348548
620218586007625729
486688463807602688
521282466619744258
486702661505646592
520955629687422976
521958835892662273
523434383659651072
620367924205715456
546919340311064576
529603298890752000
846439143966232576
846600561793388544
620459372578107392
620459628459995137
529632306688831488
620492734097289216
533548624798433281
409625253921689600
717743036839628800
540112802833121280
872952279078449152
486991003149406208
548362566763040768
718563312699617280
843689215670059008
487039095034875904
544872809395011586
657572415673888768
208417465586298881
874138260494323712
845534722017153024
487066509022613504
718998501078745088
835219116562726912
657798140553252864
835362180040167424
410221025461149696
487084460626944000
487084443862306816
549558434165571585
848993487697584128
316289750942240769
410266068058271744
876110883587600386
554153449378836480
849278637455159296
657824594003390464
487283203531878400
837388121180360704
487283807503282176
551434529559162880
321983774495748096
852959164405919744
838417814415425537
853465416869568512
657859918431670273
723270861080412162
877047379421220864
552488281347481600
555401401611075584
396970493481201665
877233140930158592
321240417981063168
850552984467582979
397491585438322690
621223549626232832
723567859742441477
850571305183215617
621272228693291008
554133442527367168
487360605217894401
952751487997759488
621481742575120384
619203581216980992
312782293603348480
851098298509340672
556768736338640896
324609031304007680
487413768000122880
852190335866470400
324984048214745088
556607612133715968
557465510875381760
557186296066486272
402016325083463680
726876788111060992
879356142454964224
658208196662808576
621815546263113729
368638389387419649
328418386260398080
558280858432331776
559000454177120257
558927850804240384
328823723803168768
857850142275272704
841887472703418368
852416832476651525
934596220852596736
842041395284213762
326809937810440192
622003459483566080
561530395426967552
561596736762679297
747272140773335040
860923552102567936
562058642858315776
562524655211143170
622209336874414080
658327600109109248
562556976496799745
487449608361377792
413895810380611586
881762972493893632
329930156032544768
862226248407203844
862227833845723136
882441472464867329
563186445066571776
852775487415795712
563265310568902656
563197291528335361
487459909571977216
331729894151172096
412980466447183872
561206939108265986
420520885485707264
459151524237561856
882833841215483905
987877542492336129
561764106265714688
622371446728167424
658549399103086592
514086706107400192
480486900105371649
658549562693521408
564139898441981952
563165020557959169
564725645607829504
564680154182463488
487861128295624704
867458743281229824
867817251444891649
658560526587416576
622746371393650688
565033000002285568
857794454509506561
413166353810337792
565337695199956992
564491230151995392
413176034251378688
565571766740082688
623014169307058176
565534626182352896
337723609055363073
941262370806132736
622606025762435072
854966646364090368
855274680239902721
658612246554288128
871635749988323328
871810396595789824
851145421489655808
872345984067674115
872347078781005828
623367338100850689
566580257767956480
855692445522292736
567340567646851073
570688565958483968
488505201406779392
492545222123868160
704055529711206400
895113697978236928
888255033677979653
857103761671585792
854413652543377408
413559477506686976
568239264401485824
623789100525469697
568373196912590848
568419581695377408
1002755405653606401
658898390370156544
568430453343956992
857475192486014976
623795912079360000
718566684903284737
718571151853764608
717440363301101568
510386495304511488
624001554597556224
568683076290621441
574893758350761984
569003860850712577
992020990535262214
878910740920283136
889651711740137472
951105110423359489
540476419633999872
954370212517818368
882603875907149824
488778972013264896
890327967733354497
570538665711050753
890484985710469120
890418266933538816
571604195100397568
571720842893127680
711578995414925312
890784295450624006
956343859029651457
488876166611472384
956714861995679745
572640632776208386
464218973282656256
582039879292444672
573847321462505472
573877667264524288
624240260810051584
624238209824788480
582557141841653760
861519722080346112
658946931050311680
576778837989572610
911180864461053952
363180316443164672
674526006359818240
658947790895230976
892607597127188480
482195143655583746
380282905559187456
577154504988061696
658950206810116097
658952362657189888
489127514481373184
584238843823595520
579965376567472129
862210070939041792
867708744783757312
958522657380753408
624438622062665728
489147433226883072
580541166422233089
580972185663062018
369900589703888896
581138066187796480
896221992487178240
700334066399375363
871316727027695616
582013383873966080
471361105466372096
582020283499823104
582036859406065664
582032623146377216
489217041900257280
582350152930705408
732682766027005952
582351327365242881
624566086944493572
582216832800575489
916368459306483712
916369637926879232
960687031486763010
471690328945090561
882368533514133504
489276932396425216
864295801878654976
584634442221662209
584319605167923200
588352839493283842
900005820926001152
1056792171779514369
587222386509942784
472600450995589120
489441508488380418
587289046587539456
961408984417742849
659046604507365378
590137201280745472
589101023639248896
589302216005197824
589660942264209408
866978210256498690
961920056203628544
597406454396506112
489477285876359169
921603093334069248
789253189543624704
605396716754305024
605755216508522498
606444055451475968
514078141321842688
432765073900064768
871088435251073024
624940600563884033
922805809985200128
922806342649122816
609633018337046528
609629889365315584
922548858520928256
798711181502513153
609913864755384320
922812881590132737
659069530560425984
923059015923335169
489538002633646080
612286372804628480
612267397773299712
612450307176464384
615512841164972032
382287426359529472
906007635073175553
479755421880569857
631171864069435393
827315965658554369
965577409599860737
631170396096561152
631880365938872321
631479293999054848
984348908074643456
632908456928768000
489562660942643200
489564598715318272
632956251018649600
659291480540991488
489566020605333505
939200207690063872
939229391623806976
514068498612752384
634684975388819457
634682282628902913
646498333268291584
635118137935958016
634406901413875712
647366013122514944
647854074897956864
481296765711556608
652685648889970688
652687175591395328
659315488753909760
655192215275237376
659324384855855104
625314740852555776
659333041911955456
663348970559660034
663225452480233472
625497889314226176
663348043610107904
659339605989335040
663703385028194305
895374931793498112
484232749130461184
876464035608264704
967537621743423488
876476387837739008
603074708146237442
669086392522141697
604082540681523201
938055376578027520
659434304993406976
659437425547223040
625881202591830017
625948365969231872
918333729826893824
625980683068944384
638885163968143360
969252240627257344
1056790137575632901
492585130956173312
969528834000412674
919212746897608705
606481556736249857
686368606943227904
733844898605076480
427571472760967169
687755772332126209
888306824906199040
659605382256590848
920678886840655872
890603021826088960
659612420290293760
890835612751847424
922312429824069632
983431412488388608
787519411099955200
970746847315791872
995636337989554176
923728934340124677
696717007656349697
997952625575448579
271639983985684482
729756085536460800
926524320540692480
698654553835606017
987050811589971968
500065659540484096
659756519823572992
698795515996078081
500730561577897984
659765571131674625
698830068655661056
700256366917582848
893911656585211905
700159944054550528
610868769355866113
659772730779303936
1005743717230284800
804464248260739072
501917486703722496
998158825969541120
489963451851485186
1008615540401860608
701444202182279169
926300436994449408
455671124345380864
702419415632052224
703790978201554944
489981684511932416
702425472207036421
705394708088918017
1001536347994079232
659812769596882945
659851898296606720
973383172900708353
937805144397352960
282478371680706560
467937345430249473
660008530360057856
282789794570985472
490211628819161088
627076533077708800
713976929334898688
1029047786145284096
1041741142595973120
503669086749224960
660092940732276737
896800995174490112
942890415044419584
629155334985281536
717376114922885120
627341814425481216
627344142276780032
660137001908363265
630977764280156160
472362508125077505
627364123936829440
431656607445823488
721721048979222528
477783813796274176
722230497535856640
627433917138624512
722098150463254528
898232511142252545
490355740901920768
722989364553244674
404317416756219904
975705554818564096
490390826271666177
660207046755794944
951666350249869312
975933599152246785
898893873170202624
507722936091164672
727083953169932288
900231008892723202
508831444538761216
510117078372974592
289181481853657088
727069252151181313
490433645925392384
976945168791277568
660439251822247937
660391206099267584
730149410588393472
494367496242077697
730660142610419712
515571632321351680
290366766998249473
242876336316768257
730738039228534784
660479915616133120
660468230297952256
660478846052016128
731331621329100801
290420013674934272
435232255791738880
731320569308708864
905367638800572416
979069332113240065
732200324597829636
654861943208046592
964929070835302400
979357652764512257
908271334467293184
387956774814613504
979491618846801921
735111922333323265
735160605645012993
641740545497305089
980075352713322497
736458142939107328
517150829716193280
979872251922305024
659049997669933056
641878953318215680
974047835850190853
737851364882173958
659053315381178368
641907038361006080
293153122841415680
980570481890877441
660866559120908288
1001323080218828802
921365448259723264
979971585615515648
1056796814907588608
642109707138691072
506213485789736960
642173531850043393
743920694732328960
642204011878154240
744819404060254210
1047673524209385472
661073501881802752
294440488927379456
428221396972343296
520291474236510208
1056117966792785921
752888494180085761
753048141981548544
1009013529523834880
929216589739839488
661151532742766592
985985387096150016
642949419394994176
524416844833099777
642946688890507264
986100323608604672
983496021530509312
759350113084936192
983488178194669568
760320561788530689
529842017694937088
490994944463863808
302506789830787073
762676154234867712
986738398877700099
762745829983522817
643315896690212865
643318887245725697
643318316832952321
663456332155109376
661457381365293056
931929729803915264
932112173656104960
528477321183776768
535954926342373376
536026799939911680
985234229201178624
985575549069414401
1056588307663085569
987463627572686848
775366243293421568
933174175627403264
537367173681803265
663456743171727363
1054543655757848576
299453902770819072
1054603386824413184
491043447399546881
299513000526753792
986451625924579328
643685909792055296
783834979243405312
988291029567770624
643742906226864130
661475463043407873
491060102968123392
989151025444605953
784777200306229249
784894481401155584
491061222838927360
979282394384449537
491061457740898304
552301911622553601
491064406332428288
643905087350308864
550860266439598080
792184370526244864
661523840124760064
745323039320121344
643993394247696385
667888822290518018
445047233335922688
539286701097877504
644082258962345984
667908921395429378
991036750989611011
797410292929961984
796697542285086721
796683260675833856
991490775983841280
644288497059139584
797418241165361152
661898580203085829
798307915945738240
1056708784855416832
564358291673710595
669608692418002944
799553569716322304
745784727320338436
799439660795559936
801400946706087936
990665446025187328
661964271417434112
802875978552745984
305115223302479872
670847127795404800
1056728900716412928
820309410203340800
307143588733652993
947120399992741888
671405599368855552
644869726942859264
949118453159428096
994092364363894784
352219157263163392
1056758789330923526
830723833501921281
540353371337531392
672442632673599488
994117421131804672
662315171080249344
1056770340423122944
491381827052253184
645136451139559424
831797743072985088
662550857385381888
662560248448876544
674848913229258752
662585984681422848
836335103387131904
491419785528610816
996061803988881408
645749188622348288
645742150571814914
951702735837126656
996519998138015744
431507982267219968
837459785058439168
838298658420371456
926921730853036032
646113317128245248
839033861216452608
471891059958501378
839683424650579969
662900096120594432
997214881064595456
999872983500910593
841193755797479425
604718602671910915
842169518679965696
1000750628996571142
541654607999422465
997626308732563456
607058378397851648
994603964585799680
663112835417956352
541675994751328256
847577767495450624
852889115297067009
542089259545403395
853539182114816001
624821738153447424
542103058784591872
854975936747274240
625858670786535424
858342922671890434
858942271923798017
994967447160569856
491985781683392512
491982191350788097
1002737516955471877
1002737395308072960
859577889351585792
1000436735677956097
859596625286541312
859769497724387330
686068861016367104
643660513314914304
859776460294283264
861071401318457345
861193866602401797
1004006470093037568
647281950856613888
1055095693268803584
428914681848164354
1034437533893943296
1056778569651695617
591385342273531906
770748025182519296
427611624833163264
1051417477400342528
1056588454455201793
1056670482437681152
1056804985411907585
141299181158539264
1044845279873323008
1056806134613344257
808328787687415808
1056529415411138560
1056805815858868224
